WG size of kernel_swap = 256, WG size of kernel_kmeans = 256 

I/O completed

Number of objects: 100
Number of features: 34
ERROR: clCreateProgramWithSource() => -30
ERROR: clEnqueueWriteBuffer d_cluster (size:100) => -38
iterated 1 times

================= Centroid Coordinates =================
0: 0.00 273.00 18347.00 0.00 0.00 0.00 0.00 0.00 0.00 0.00 0.00 0.00 0.00 0.00 0.00 2.00 2.00 0.00 0.00 0.00 0.00 1.00 0.00 0.00 2.00 255.00 1.00 0.00 0.50 0.03 0.00 0.00 0.00 0.00

1: 0.00 270.00 3557.00 0.00 0.00 0.00 0.00 0.00 0.00 0.00 0.00 0.00 0.00 0.00 0.00 12.00 12.00 0.00 0.00 0.00 0.00 1.00 0.00 0.00 12.00 255.00 1.00 0.00 0.08 0.03 0.00 0.00 0.00 0.00

2: 0.00 296.00 9308.00 0.00 0.00 0.00 0.00 0.00 0.00 0.00 0.00 0.00 0.00 0.00 0.00 2.00 2.00 0.00 0.00 0.00 0.00 1.00 0.00 0.00 22.00 255.00 1.00 0.00 0.05 0.03 0.00 0.00 0.00 0.00

3: 0.00 302.00 4776.00 0.00 0.00 0.00 0.00 0.00 0.00 0.00 0.00 0.00 0.00 0.00 0.00 1.00 1.00 0.00 0.00 0.00 0.00 1.00 0.00 0.00 32.00 255.00 1.00 0.00 0.03 0.02 0.00 0.00 0.00 0.00

4: 0.00 248.00 6196.00 0.00 0.00 0.00 0.00 0.00 0.00 0.00 0.00 0.00 0.00 0.00 0.00 1.00 1.00 0.00 0.00 0.00 0.00 1.00 0.00 0.00 42.00 255.00 1.00 0.00 0.02 0.02 0.00 0.00 0.00 0.00

Number of Iteration: 1
PERF: instrs=-4995072469926809587, cycles=-4995072469926809587, IPC=1.000000

after modify input file in read_input.cc

WG size of kernel_swap = 256, WG size of kernel_kmeans = 256 

I/O completed

Number of objects: 204800
Number of features: 34
ERROR: clCreateProgramWithSource() => -30
ERROR: clEnqueueWriteBuffer d_cluster (size:204800) => -38
iterated 1 times

================= Centroid Coordinates =================
0: 0.00 1032.00 0.00 0.00 0.00 0.00 0.00 0.00 0.00 0.00 0.00 0.00 0.00 0.00 0.00 511.00 511.00 0.00 0.00 0.00 0.00 1.00 0.00 0.00 255.00 255.00 1.00 0.00 1.00 0.00 0.00 0.00 0.00 0.00

1: 0.00 1032.00 0.00 0.00 0.00 0.00 0.00 0.00 0.00 0.00 0.00 0.00 0.00 0.00 0.00 511.00 511.00 0.00 0.00 0.00 0.00 1.00 0.00 0.00 255.00 255.00 1.00 0.00 1.00 0.00 0.00 0.00 0.00 0.00

2: 0.00 1032.00 0.00 0.00 0.00 0.00 0.00 0.00 0.00 0.00 0.00 0.00 0.00 0.00 0.00 511.00 511.00 0.00 0.00 0.00 0.00 1.00 0.00 0.00 255.00 255.00 1.00 0.00 1.00 0.00 0.00 0.00 0.00 0.00

3: 0.00 1032.00 0.00 0.00 0.00 0.00 0.00 0.00 0.00 0.00 0.00 0.00 0.00 0.00 0.00 511.00 511.00 0.00 0.00 0.00 0.00 1.00 0.00 0.00 255.00 255.00 1.00 0.00 1.00 0.00 0.00 0.00 0.00 0.00

4: 0.00 1032.00 0.00 0.00 0.00 0.00 0.00 0.00 0.00 0.00 0.00 0.00 0.00 0.00 0.00 511.00 511.00 0.00 0.00 0.00 0.00 1.00 0.00 0.00 255.00 255.00 1.00 0.00 1.00 0.00 0.00 0.00 0.00 0.00

Number of Iteration: 1
PERF: instrs=-4995072469926809587, cycles=-4995072469926809587, IPC=1.000000

